16
1 0.000000 2.776700 6.073100 5.247800 5.881400 7.888300 7.181900 8.472300 10.400800 10.316000 12.691800 12.706700 11.481400 11.144400 9.596600 8.475100
10 2.776700 0.000000 4.603600 3.778300 4.411900 6.418800 5.712400 7.002800 8.931300 8.846500 11.222300 11.237200 10.011900 9.674900 8.127100 7.005600
6 6.073100 4.603600 0.000000 1.984500 6.185100 8.192000 7.485600 8.776000 10.704500 10.619700 12.995500 13.010400 11.785100 11.448100 9.900300 8.778800
16 5.247800 3.778300 1.984500 0.000000 5.359800 7.366700 6.660300 7.950700 9.879200 9.794400 12.170200 12.185100 10.959800 10.622800 9.075000 7.953500
7 5.881400 4.411900 6.185100 5.359800 0.000000 4.052100 3.345700 4.636100 6.564600 6.479800 8.855600 8.870500 7.645200 7.308200 5.760400 4.638900
9 7.888300 6.418800 8.192000 7.366700 4.052100 0.000000 1.846600 5.102200 7.030700 6.945900 9.321700 9.336600 8.111300 7.774300 6.226500 5.105000
14 7.181900 5.712400 7.485600 6.660300 3.345700 1.846600 0.000000 4.395800 6.324300 6.239500 8.615300 8.630200 7.404900 7.067900 5.520100 4.398600
2 8.472300 7.002800 8.776000 7.950700 4.636100 5.102200 4.395800 0.000000 4.930700 4.845900 7.221700 7.236600 6.011300 5.674300 4.126500 3.005000
8 10.400800 8.931300 10.704500 9.879200 6.564600 7.030700 6.324300 4.930700 0.000000 1.537000 5.016200 5.031100 3.805800 3.468800 3.017200 3.770300
11 10.316000 8.846500 10.619700 9.794400 6.479800 6.945900 6.239500 4.845900 1.537000 0.000000 4.931400 4.946300 3.721000 3.384000 2.932400 3.685500
15 12.691800 11.222300 12.995500 12.170200 8.855600 9.321700 8.615300 7.221700 5.016200 4.931400 0.000000 1.061700 2.185600 4.328600 5.308200 6.061300
13 12.706700 11.237200 13.010400 12.185100 8.870500 9.336600 8.630200 7.236600 5.031100 4.946300 1.061700 0.000000 2.200500 4.343500 5.323100 6.076200
12 11.481400 10.011900 11.785100 10.959800 7.645200 8.111300 7.404900 6.011300 3.805800 3.721000 2.185600 2.200500 0.000000 3.118200 4.097800 4.850900
5 11.144400 9.674900 11.448100 10.622800 7.308200 7.774300 7.067900 5.674300 3.468800 3.384000 4.328600 4.343500 3.118200 0.000000 3.760800 4.513900
4 9.596600 8.127100 9.900300 9.075000 5.760400 6.226500 5.520100 4.126500 3.017200 2.932400 5.308200 5.323100 4.097800 3.760800 0.000000 2.966100
3 8.475100 7.005600 8.778800 7.953500 4.638900 5.105000 4.398600 3.005000 3.770300 3.685500 6.061300 6.076200 4.850900 4.513900 2.966100 0.000000

1 0.000000 2.776700 6.073100 5.247800 5.881400 7.888300 7.181900 8.472300 10.400800 10.316000 12.691800 12.706700 11.481400 11.144400 9.596600 8.475100
10 2.776700 0.000000 4.603600 3.778300 4.411900 6.418800 5.712400 7.002800 8.931300 8.846500 11.222300 11.237200 10.011900 9.674900 8.127100 7.005600
6 6.073100 4.603600 0.000000 1.984500 6.185100 8.192000 7.485600 8.776000 10.704500 10.619700 12.995500 13.010400 11.785100 11.448100 9.900300 8.778800
16 5.247800 3.778300 1.984500 0.000000 5.359800 7.366700 6.660300 7.950700 9.879200 9.794400 12.170200 12.185100 10.959800 10.622800 9.075000 7.953500
7 5.881400 4.411900 6.185100 5.359800 0.000000 4.052100 3.345700 4.636100 6.564600 6.479800 8.855600 8.870500 7.645200 7.308200 5.760400 4.638900
9 7.888300 6.418800 8.192000 7.366700 4.052100 0.000000 1.846600 5.102200 7.030700 6.945900 9.321700 9.336600 8.111300 7.774300 6.226500 5.105000
14 7.181900 5.712400 7.485600 6.660300 3.345700 1.846600 0.000000 4.395800 6.324300 6.239500 8.615300 8.630200 7.404900 7.067900 5.520100 4.398600
2 8.472300 7.002800 8.776000 7.950700 4.636100 5.102200 4.395800 0.000000 4.930700 4.845900 7.221700 7.236600 6.011300 5.674300 4.126500 3.005000
8 10.400800 8.931300 10.704500 9.879200 6.564600 7.030700 6.324300 4.930700 0.000000 1.537000 5.016200 5.031100 3.805800 3.468800 3.017200 3.770300
11 10.316000 8.846500 10.619700 9.794400 6.479800 6.945900 6.239500 4.845900 1.537000 0.000000 4.931400 4.946300 3.721000 3.384000 2.932400 3.685500
15 12.691800 11.222300 12.995500 12.170200 8.855600 9.321700 8.615300 7.221700 5.016200 4.931400 0.000000 1.061700 2.185600 4.328600 5.308200 6.061300
13 12.706700 11.237200 13.010400 12.185100 8.870500 9.336600 8.630200 7.236600 5.031100 4.946300 1.061700 0.000000 2.200500 4.343500 5.323100 6.076200
12 11.481400 10.011900 11.785100 10.959800 7.645200 8.111300 7.404900 6.011300 3.805800 3.721000 2.185600 2.200500 0.000000 3.118200 4.097800 4.850900
5 11.144400 9.674900 11.448100 10.622800 7.308200 7.774300 7.067900 5.674300 3.468800 3.384000 4.328600 4.343500 3.118200 0.000000 3.760800 4.513900
4 9.596600 8.127100 9.900300 9.075000 5.760400 6.226500 5.520100 4.126500 3.017200 2.932400 5.308200 5.323100 4.097800 3.760800 0.000000 2.966100
3 8.475100 7.005600 8.778800 7.953500 4.638900 5.105000 4.398600 3.005000 3.770300 3.685500 6.061300 6.076200 4.850900 4.513900 2.966100 0.000000